100000212216963
100001010898737
537660049
1454678863
100002711347233
100003943239589
1045944485
1233818215
1509512589
1016694802
100003600813954
100004607495976
100000579401387
100001121898817
100002550392622
100002704958564
100000990372368
100000425533801
600427985
100000149181294
100000222100038
1035621102
100002282138824
1439092836
1806778355
100000169170913
1152620006
714050129
16714022
1820785477
1596454771
692577396
100001034502782
100002037659048
100000100676784
698594069
100000736689442
1783024059
100000561434578
800194195
1111002301
1546741023
749615249
1097804821
502980567
1465752601
100001360531719
1498304540
1348100993
1237145363
573822155
100001182604147
100002743136466
1787508644
100000588117613
1834920055
170500601
544773423
1378118138
100004097558801
100005691876257
1221532465
1417459060
100000234774916
1464673332
100003476546449
100005841308320
1176795438
1587362424
100000071882180
1275129104
1305445547
100000658290439
1060817066
100000370725759
100002917128400
665404606
1177312357
100007075056796
652852744
100000222907201
1060038895
100000177285384
1402853122
1475574354
100000450115254
100000586704777
100004583861135
100003530607146
649246070
100000194027515
1563685664
100002586982587
1409693893
1777896985
100003941347965
1081071926
656243936
1644327105
1159987276
1116945498
587337260
646014820
100004823945023
743161199
100000911113090
100000638161476
1097450831
100001525442618
100001414962392
100000612330263
100000443737198
1222230839
100004349778580
1355911191
1839898386
1520666181
100001403776271
1542660585
120603756
1562367406
724865152
1409567457
1555107678
1681057676
100000716941925
1084523638
1365200266
100001334102044
1280796744
100006029702727
637270572
726498265
1284697642
521350234
100008360192037
1498470468
538888385
100003153723688
1186496372
1280306753
674637202
1210104264
100000060198469
1059902396
100008213683734
692184307
100002184956059
100004071487299
1126704797
516682878
1177590300
642290209
1823175243
100000675827857
506468787
100002655884571
1823525332
100001935598234
604596462
100001584016962
510716940
100000217453981
778589027
1218499678
100006743641330
100002596297838
100000108367370
100003332254115
1766064316
100000127263843
100002779294923
100007449722285
1769807900
100000070374430
1357597611
1610653430
682820964
100000545606930
100000358071264
528804714
1539281709
1810536167
1458744595
1329245465
100000143392912
29409421
1277678212
100002022153133
19300186
672935600
1419728608
1660422785
664793150
100003094250451
1809340155
100000405694072
100002903738008
100002292491348
1309595074
100001864771860
100000488385120
774458620
100001780841690
100005569744716
100001399712729
1078094040
1172835322
100006968922094
100000140237290
1533321514
531248635
1653545335
617941752
1850757953
100000681622257
1448049073
100002385161160
100000533139496
709992707
100002140691385
100001833283731
100000523578738
1781410530
100002061249392
100006693881058
1385488447
100001014487300
1215666763
100008098141445
1338802825
750060147
100001576630545
100001370358835
544531989
100002293104707
100001088176429
1078870640
1424162553
1188438734
1564650765
100003010938041
1404475630
100000781311475
100001563263246
100007117652991
100000162335704
1209196270
756964501
1843644323
100002249796606
1152552071
100000684983122
1320031675
100000417038884
100001479948157
100002505193233
100002610659161
100007226050490
100000954794511
1590975805
100008237358057
100001995000583
624783808
100002438403598
100000465108831
100000023552168
100006434489068
1085364383
100003814716696
1172775955
100002532699811
741414291
100000469064933
1411423188
100001036590203
563252517
100003777349073
100001084408841
1085806812
100000842756622
100004364858645
100001416201399
100000832257020
100001099127540
592820114
1603128906
100002091827654
100000152581242
1145313844
100002425126740
1262796091
1170533155
100001445239891
1129917634
100000284663182
100000435373358
100008278987899
100005637883873
100006354733568
100001964140530
100002155121999
100003097338153
100002273619829
100000286720982
1268310538
100000300807541
720438561
1463240300
731032809
100003891754202
100007614064077
100002649364406
717524416
100000793885669
1313576068
100003654812714
100001829974939
1460982745
1476318644
100003306157198
100007883070342
100005422843144
100006330307541
100001004890205
100003081755390
1134321719
695507664
1545407142
100002534935748
100007644553325
1040122760
661614511
100000605577780
1131706609
1438063475
100003906572514
100002030327560
630417846
1628738125
100001776495796
1559376038
1154804177
1040917942
100002515015586
100001191655319
1038919440
100001929881462
100007026422685
100000208449548
100001628194406
1008075577
100000242359118
524191536
1122108612
636441233
100004602482203
100000103599984
1357977864
1564479560
1735465613
100006128382089
100001232558206
100004655111721
100003820901757
1244187605
100001528529208
100006484380073
100000526639698
100000570742136
100004713068834
567768427
100000320311931
100004125632826
1526396569
1248666994
100007115386013
100006764947570
100003370457148
773509025
100001053007811
1551737221
100001607794283
100002265661362
100005479171238
100000201127390
841044062
100002748734486
100001191930680
100005356125144
100002592185249
697610241
100007505343998
1628498038
100001329387109
1302367830
1493555140
100002173178629
100003177508293
1500287763
574689616
1524773648
1099130424
100001017919002
1686293096
100000398673604
100000272451048
100002077978447
100000705231218
1643209499
100003562934074
100004017444640
726517431
1635276876
100000250966270
100007350422732
100001447817982
645120056
100002165820357
100001645641933
100002139162358
1515988088
100004091554816
678883268
719633823
1176027630
704978123
708200403
100001455058533
100003013747593
741534532
100006557104824
100006335265999
100007913234557
100007246567427
100004723441944
100000494927290
576203646
1799202344
100002975929859
623303133
1463653572
1053680101
1470693066
1046567546
100004998271739
100008289724568
1496755790
1395546233
100000881254101
100002310568971
1304852936
100004356099581
1294963975
100000251803737
564260696
521116238
596918370
100002283774685
100000511443987
1082781515
706164608
1134532102
100003542367421
1615875527
1422537163
100000400043706
100005981134748
1477888118
100003064323030
100003233315169
100001762751695
100004141001570
675853529
1290288914
100003393769523
100001395853563
811779726
100004469502443
1217524047
100001510410460
100008065097166
100007002221178
100008243134626
100000124822804
100003476382944
100003681777321
100003863158858
100001559011034
100005419062962
692452622
100001816413748
100003382869547
1202632753
100001099953675
1821246504
100004179106644
100006586060003
100003216108615
100001303021143
100004308873412
1420833399
1458583827
1310911178
1082206349
100000158997414
100000726958825
100003293670098
100000320243071
1578966281
1395625211
600742404
1051913400
100000857872568
100000473873603
100000489203178
100006466346475
100002113128790
100000068242472
1230744781
100001427938184
100005336434987
100000013577053
100006441117176
100004400461207
100001696263654
100004533673036
1633674666
1369824270
1616734885
100007431305707
100006588364810
100003054001260
539702135
530127618
100000929636622
1342764013
1020111848
603021820
100001196194244
100002453741929
1198064433
612320142
1558262620
100000505727121
1729571697
100003234546696
100004311163205
100003534664468
100005671452020
100005138621106
704450349
100003188254581
100001328368956
100003536930279
1776992276
1281676470
100003058365371
100000270776585
1049711796
1268858767
100002570134837
100000252405399
1196779526
100000026403895
1591435079
1344138265
1365376561
100001941280610
690064939
100000476861010
573887974
100003586294635
100004037816990
100000782730917
100005138920556
100005007103389
100000339378358
100003706381001
100000538356891
100000293494116
1438093881
100004974575143
1380374690
100006545496627
100003960418397
100000737121917
100005347836373
100000005702447
100003006173317
635775853
100000574146191
100000664689818
100004975956336
100006357631495
100000108956601
100008391337861
100002700952116
100003874223004
1624762788
100003785889753
100000154073101
1251240080
100001374951228
100007497542223
1524077283
1372141480
100004023449128
100006194357393
100001674104535
100006360184597
100001674877623
775808781
100008202244609
100004803217490
100000070485797
1214240505
100000735844028
1196202099
100000570882032
100006972811716
100003903564971
100002140119662
100008287892575
1369896905
1130240803
836759161
504174480
100004422271574
1349624391
100003628620836
1302146018
100001383403484
1069511067
560747465
100000292705308
100001925420228
100003549578646
100004409314507
1509933091
515139564
100001806593925
1418850618
100000098400244
647384373
1205624680
100007784680928
100002243689372
100007063117604
100000783762985
1257050591
100001076077375
100006593310316
562339025
100000224880116
100000601670273
1664794359
1216800878
1634203843
100001718870559
1851722951
100007413660769
100002546121073
1249122310
100004148612819
100001224781516
100002939205577
100006656134785
757483559
100004800120085
100006243701478
1191047546
1208722575
563819530
1842985678
100006476065169
100005241964157
1046581374
100000236954015
506191705
710557474
100004769803119
1368973324
100005997245584
1615957653
100008318655650
100000219699432
1504186636
100006754483459
519865942
100001396561952
710598355
100000213239166
100002160996642
737157928
1178327918
100000220104026
100001249095413
100003546202274
100006755355330
100001007993710
100007937382306
528395707
100000825214333
1571526969
1050525745
100000649407356
100000486755919
100000714912163
100000439595458
100000097976356
100000298830201
536207456
100002068763861
100002556596476
100003480774804
100002105121758
1596459667
1352607928
100000142358512
100002832416735
100002548922473
100000619916210
100007961526994
100002032694479
501041808
100006226813280
100005847481768
100000428619495
740411017
100003601629737
1179716695
100002566391169
100000943591524
1348420346
100002558527625
100004980543629
100001128912865
100001484170916
100001376625993
100001443496119
576340238
1764305541
100006512812240
1817782956
100008270378825
1424371317
100003331487306
1293518435
100000012802346
100005560516050
100002659425236
648088271
100000204260136
1575612638
743408433
100008079814657
100005040940906
100002735310591
100004597635746
708750477
1458310383
100005975169457
774039418
100005305272141
1353130533
100001063638961
899930057
100006823260404
100000501591688
1168632213
1541634476
100000657820650
100005301075305
1815211307
100004091949347
100003360925334
1791611312
100002161963420
100007159750623
100002219331325
100007142861921
715757718
100001770575053
100008240147532
1584305813
100001251259837
100000242089294
100000232551774
500405137
100007718618510
100000235045922
100002338571163
100005299898216
100003746040094
100002397911024
100001906718745
642362515
1633700497
100000646854408
588574526
523910275
100005092320919
100000165834336
1067659601
100001538490933
100008389600205
563908830
100003058178238
100000573215843
100000864421467
1350131520
1538057271
100001466223756
100002213940143
1439334601
100004140542305
100003759952659
100001610166126
1705347599
829363793
100000226226102
747712603
100001068751624
100003024614800
100000793642772
100007124976503
14222852
100008321585404
788040444
100000906866058
100004109736332
1256483458
100000412768321
100001873554274
720515942
100000334242522
903365292
100000468602287
100000211752287
644140122
1643233952
1386756570
550531941
1313888683
1591953243
100007381124042
100000115917567
100001955470552
100003228556482
100006270582890
100001706179013
100001942001631
100000392756411
636789409
1350241854
100001812204102
100003280283521
100004166800463
1313263282
100000505208051
1575146819
100005267801402
1362002576
1790784566
1147232876
100000172357842
708463117
100000173212453
100003405001934
1563675225
100005822748605
100003378512170
100004061610525
100007198542093
100003498270574
100006482152584
100004388672456
100002329445254
100002661216128
100006815410538
1345280495
100003286792985
100002195411245
100000143433423
100001450876334
100003955478989
100005245237239
1094439041
100002245646770
100002364996121
100004947969428
100000181111142
1340033478
100006469338139
100002508212031
100000501840428
100000563144400
1530346088
100005227181462
1312455913
100002392360697
100001200573457
100003007046025
1164829015
100000208351711
100004849964825
100000238509243
100000920461585
100001484052264
100001184737125
100007074305151
504276749
100003140596712
100000362980895
100000925576041
100004626157069
100003669452535
100001568512036
100000085577606
100007463977450
100004258027592
100002161561057
100001654435970
100007921986805
1102990647
1078433659
100000116183151
100001737648701
742205901
561936237
1217754466
100000326046023
100007694585836
100001873659884
100000997081761
100003790580532
100000089372383
100000182582369
100004620878633
615236571
1044955404
100005987595979
100006904451630
100002193399503
100001386868529
100003016522644
100000107419564
100006453181549
1169487088
1334341953
100006487638490
100003239374782
100005818415397
100007129877160
1401310024
100001935582960
100000642640868
100001171515148
100008317116873
701913550
100007818961510
100001528609809
100000102917555
100001529268578
1242053984
100006893199143
1030717675
100001293572750
1671548515
1741846587
1399537847
100004705842210
1123301247
100001817057546
100002239317400
100002258502609
100002185742196
100000002091044
570590073
1664275488
100004757147902
100007510957317
100002336474734
100000966181566
100001689384329
100001212474801
634590214
100004643858654
100002960305264
100004098244523
100005007484016
100005091696414
1638227821
100002794035598
100004896666948
100003699137410
100002224690434
640769614
100000421557432
100000764801344
100002626542532
1426059108
756935462
100003730633572
100004837541837
561865891
1082094903
1418049260
100004725557142
702543959
1000475057
100004620999888
100002621040472
100008049789177
100008388556057
100003315189764
100003196995349
100003371902577
100000849729367
100005462823015
522482160
550193716
100001021901304
1080068679
100000527611605
133600818
100001004348489
100002825689052
1439225525
100000791644097
1217465144
560770119
100000702724513
1378613189
100002422806453
100001284861093
100003125775987
100000445194628
1359263049
666629213
100002888392208
100000042984272
1665994991
100003352809757
100001947146907
1073478975
100004744325564
100000843982029
100002150404945
100001090452529
100005189766061
100000478906375
100001837385152
100001889762385
1663313283
100000661830853
100001409674461
100000026384821
100000035090027
100000224001328
100007112799760
100002862833802
1225198522
100007616102255
100003271159489
100001374135078
100001825503280
100008338603252
1793283523
100005924471601
1383932238
100005258985749
100001047820414
100003946189941
100000289672710
1725357302
100005440687646
668072591
100007119062869
100004098858661
100000254011255
100000419889464
100001238735383
735031164
1226556650
100004170810834
1131266141
570083196
1570347424
100000715322740
100003877839996
1299595448
1203529296
100002700397207
641688444
1655028016
100001683814238
509225614
100000546452006
100003106378518
100004995762194
100000525365846
1397670085
100000116232221
100007575183199
100003794520669
100003033109087
1667354156
1534388823
100003486546023
100004999805045
100008298492587
100000144827554
100000612852063
1138996414
100001096659302
100000796037640
668275090
566313773
100002110591582
100000513943716
732010449
100006390524331
1644167432
100000969904445
1013292157
100000046454929
100002476278148
1198575446
100001649355882
1517332992
100000532519430
707809095
832426767
100000115826237
100000476114633
100004689519532
100002181225761
858000485
100007867360362
726371822
1586122680
517632658
628021074
100004372684628
1441459564
1629846903
100004116934034
1463063427
100000828825443
100002377691819
100006579459818
1366556274
100001062159954
100006367716652
100000215577424
100005908350689
100007490104654
1456718458
100001931772979
100004415977746
100007354386451
1911809
1099842320
1106011629
696705476
100000213945841
530752293
100001140970304
639417633
100000305964599
100006824584189
100003973862433
100000403457559
1744574322
1711831494
100001670885218
100006040811302
100002535798476
100000189366398
100000705426989
1834640682
100000362492948
515420173
100004207725783
1042307937
1127651031
745327247
100000936095509
1513801942
100001221574541
1272286190
1274871765
718740758
100007794759229
100003631995242
571004615
1003642354
100000616328212
100004850087937
100005558023440
611804808
1650227476
100000529463321
100000336003390
1594261003
100000955664821
100003391322966
100003133498073
100006035169359
1056313985
100004064178052
100007939444796
100000328062339
100002662297888
701520652
100001844798725
100007156451088
671808989
566158815
100005454379432
100000678840573
100000126107018
1203970627
100000592657533
100000518255824
681175026
100002299169194
100006401951024
100004814958208
535254957
100004914674211
1154694270
100004790466990
100001733922835
100001052884395
796743669
1421714719
1274884212
100002049861336
100002991650306
100000864892743
100005697211334
100000092157504
100004460405582
100000583992965
100002338034067
100001189036947
100004980660996
100002260084770
100000827074618
27430323
100001724553772
100000807667613
100001666685090
100002320020078
1013791660
100001297491732
100000282189799
1624625850
100000192919376
100001890211412
1068351177
1357463406
100003089574994
100001535158414
100001908349573
100000831199991
100000593499381
100004982850392
100007470224191
773263134
1110496979
100007449283229
598697794
100000554468056
100000155290362
100002098150892
100002544054102
100000387237214
1530466150
100002198982482
1346322777
100000941920537
1784105681
100001095981211
1077946575
755732149
100001182044724
1441872209
1466782223
100006747337210
100002812520870
737749620
1461725202
100006311986405
100003175383673
684109035
100003706137666
100003547794029
100000135063260
100003927546887
1679988480
1628212529
100002639327210
100001746154440
100001778703793
100007451942724
100000681031629
1785318664
100006165152374
560351745
100004225620699
100003700597658
100003233070482
100005980860635
1231752134
100004652712237
100000099225120
1592616594
100007910169420
100001228053311
100004877949260
100001775063016
100004101070249
100001053300776
1386288226
543965064
1495256250
1190530508
100001631175052
1005555239
1461859775
1067185186
567087396
511511634
100000268997669
1434818005
100002771549027
100002197992789
590348394
1341408628
100002426830993
100000702111746
1297126212
100004989019416
100003694829127
100002316098687
100001416461861
100005291378032
100000731090036
100006014382430
1234438144
100001434206193
100001465879849
100003163554069
100007554523487
100000945467570
100002432296382
100000622779006
100001168719666
100002455172899
100004625177268
100000690203447
731945262
100000600061618
100000613340892
100003725754197
100001914639828
100001040745424
1637686504
1025762854
100003184909230
100001548016461
1091381256
100002858029092
100006242198930
100001071504490
514087202
100000474691354
100003973870042
100007125222571
100002361423127
100001462422100
100002328792279
1365660283
100002949489620
1251476709
721921918
1348748075
100004252213163
100002373868650
1622020117
813737695
100004753892454
100004238439553
100000013126125
100003036451533
100005322670020
100001571261077
672680775
100000699646324
100003956509403
743348533
100008139946701
1631103737
100001780910828
100000454957460
100007135388612
100000916883845
1477676649
100000461142833
100001669187247
100001301304669
1175960422
1423478785
100000285237823
100005104621775
100008292622132
100001214450302
100000824355462
100007302554645
100000639634224
1657363945
100003110158516
1751546178
610577703
100002073656816
1250555212
100006355273677
100000963058867
100003867533322
100005446655223
100003060493583
100002131932332
100003200786526
100002311912972
100004084364265
618562953
100000371204526
100003687481781
100001148709276
100000083026386
1508358319
100003828998100
100001829990745
100001192236627
100001302617736
530920902
100000377007599
1792496239
100000058727577
100000081837582