100000002091044
100000005702447
100000012802346
100000013126125
100000013577053
100000023552168
100000026384821
100000026403895
100000035090027
100000042984272
100000046454929
100000058727577
100000060198469
100000068242472
100000070374430
100000070485797
100000071882180
100000081837582
100000083026386
100000085577606
100000089372383
100000092157504
100000097976356
100000098400244
100000099225120
100000100676784
100000102917555
100000103599984
100000107419564
100000108367370
100000108956601
100000115826237
100000115917567
100000116183151
100000116232221
100000124822804
100000126107018
100000127263843
100000135063260
100000140237290
100000142358512
100000143392912
100000143433423
100000144827554
100000149181294
100000152581242
100000154073101
100000155290362
100000158997414
100000162335704
100000165834336
100000169170913
100000172357842
100000173212453
100000177285384
100000181111142
100000182582369
100000189366398
100000192919376
100000194027515
100000201127390
100000204260136
100000208351711
100000208449548
100000211752287
100000212216963
100000213239166
100000213945841
100000215577424
100000217453981
100000219699432
100000220104026
100000222100038
100000222907201
100000224001328
100000224880116
100000226226102
100000232551774
100000234774916
100000235045922
100000236954015
100000238509243
100000242089294
100000242359118
100000250966270
100000251803737
100000252405399
100000254011255
100000268997669
100000270776585
100000272451048
100000282189799
100000284663182
100000285237823
100000286720982
100000289672710
100000292705308
100000293494116
100000298830201
100000300807541
100000305964599
100000320243071
100000320311931
100000326046023
100000328062339
100000334242522
100000336003390
100000339378358
100000358071264
100000362492948
100000362980895
100000370725759
100000371204526
100000377007599
100000387237214
100000392756411
100000398673604
100000400043706
100000403457559
100000405694072
100000412768321
100000417038884
100000419889464
100000421557432
100000425533801
100000428619495
100000435373358
100000439595458
100000443737198
100000445194628
100000450115254
100000454957460
100000461142833
100000465108831
100000468602287
100000469064933
100000473873603
100000474691354
100000476114633
100000476861010
100000478906375
100000486755919
100000488385120
100000489203178
100000494927290
100000501591688
100000501840428
100000505208051
100000505727121
100000511443987
100000513943716
100000518255824
100000523578738
100000525365846
100000526639698
100000527611605
100000529463321
100000532519430
100000533139496
100000538356891
100000545606930
100000546452006
100000554468056
100000561434578
100000563144400
100000570742136
100000570882032
100000573215843
100000574146191
100000579401387
100000583992965
100000586704777
100000588117613
100000592657533
100000593499381
100000600061618
100000601670273
100000605577780
100000612330263
100000612852063
100000613340892
100000616328212
100000619916210
100000622779006
100000638161476
100000639634224
100000642640868
100000646854408
100000649407356
100000657820650
100000658290439
100000661830853
100000664689818
100000675827857
100000678840573
100000681031629
100000681622257
100000684983122
100000690203447
100000699646324
100000702111746
100000702724513
100000705231218
100000705426989
100000714912163
100000715322740
100000716941925
100000726958825
100000731090036
100000735844028
100000736689442
100000737121917
100000764801344
100000781311475
100000782730917
100000783762985
100000791644097
100000793642772
100000793885669
100000796037640
100000807667613
100000824355462
100000825214333
100000827074618
100000828825443
100000831199991
100000832257020
100000842756622
100000843982029
100000849729367
100000857872568
100000864421467
100000864892743
100000881254101
100000906866058
100000911113090
100000916883845
100000920461585
100000925576041
100000929636622
100000936095509
100000941920537
100000943591524
100000945467570
100000954794511
100000955664821
100000963058867
100000966181566
100000969904445
100000990372368
100000997081761
100001004348489
100001004890205
100001007993710
100001010898737
100001014487300
100001017919002
100001021901304
100001034502782
100001036590203
100001040745424
100001047820414
100001052884395
100001053007811
100001053300776
100001062159954
100001063638961
100001068751624
100001071504490
100001076077375
100001084408841
100001088176429
100001090452529
100001095981211
100001096659302
100001099127540
100001099953675
100001121898817
100001128912865
100001140970304
100001148709276
100001168719666
100001171515148
100001182044724
100001182604147
100001184737125
100001189036947
100001191655319
100001191930680
100001192236627
100001196194244
100001200573457
100001212474801
100001214450302
100001221574541
100001224781516
100001228053311
100001232558206
100001238735383
100001249095413
100001251259837
100001284861093
100001293572750
100001297491732
100001301304669
100001302617736
100001303021143
100001328368956
100001329387109
100001334102044
100001360531719
100001370358835
100001374135078
100001374951228
100001376625993
100001383403484
100001386868529
100001395853563
100001396561952
100001399712729
100001403776271
100001409674461
100001414962392
100001416201399
100001416461861
100001427938184
100001434206193
100001443496119
100001445239891
100001447817982
100001450876334
100001455058533
100001462422100
100001465879849
100001466223756
100001479948157
100001484052264
100001484170916
100001510410460
100001525442618
100001528529208
100001528609809
100001529268578
100001535158414
100001538490933
100001548016461
100001559011034
100001563263246
100001568512036
100001571261077
100001576630545
100001584016962
100001607794283
100001610166126
100001628194406
100001631175052
100001645641933
100001649355882
100001654435970
100001666685090
100001669187247
100001670885218
100001674104535
100001674877623
100001683814238
100001689384329
100001696263654
100001706179013
100001718870559
100001724553772
100001733922835
100001737648701
100001746154440
100001762751695
100001770575053
100001775063016
100001776495796
100001778703793
100001780841690
100001780910828
100001806593925
100001812204102
100001816413748
100001817057546
100001825503280
100001829974939
100001829990745
100001833283731
100001837385152
100001844798725
100001864771860
100001873554274
100001873659884
100001889762385
100001890211412
100001906718745
100001908349573
100001914639828
100001925420228
100001929881462
100001931772979
100001935582960
100001935598234
100001941280610
100001942001631
100001947146907
100001955470552
100001964140530
100001995000583
100002022153133
100002030327560
100002032694479
100002037659048
100002049861336
100002061249392
100002068763861
100002073656816
100002077978447
100002091827654
100002098150892
100002105121758
100002110591582
100002113128790
100002131932332
100002139162358
100002140119662
100002140691385
100002150404945
100002155121999
100002160996642
100002161561057
100002161963420
100002165820357
100002173178629
100002181225761
100002184956059
100002185742196
100002193399503
100002195411245
100002197992789
100002198982482
100002213940143
100002219331325
100002224690434
100002239317400
100002243689372
100002245646770
100002249796606
100002258502609
100002260084770
100002265661362
100002273619829
100002282138824
100002283774685
100002292491348
100002293104707
100002299169194
100002310568971
100002311912972
100002316098687
100002320020078
100002328792279
100002329445254
100002336474734
100002338034067
100002338571163
100002361423127
100002364996121
100002373868650
100002377691819
100002385161160
100002392360697
100002397911024
100002422806453
100002425126740
100002426830993
100002432296382
100002438403598
100002453741929
100002455172899
100002476278148
100002505193233
100002508212031
100002515015586
100002532699811
100002534935748
100002535798476
100002544054102
100002546121073
100002548922473
100002550392622
100002556596476
100002558527625
100002566391169
100002570134837
100002586982587
100002592185249
100002596297838
100002610659161
100002621040472
100002626542532
100002639327210
100002649364406
100002655884571
100002659425236
100002661216128
100002662297888
100002700397207
100002700952116
100002704958564
100002711347233
100002735310591
100002743136466
100002748734486
100002771549027
100002779294923
100002794035598
100002812520870
100002825689052
100002832416735
100002858029092
100002862833802
100002888392208
100002903738008
100002917128400
100002939205577
100002949489620
100002960305264
100002975929859
100002991650306
100003006173317
100003007046025
100003010938041
100003013747593
100003016522644
100003024614800
100003033109087
100003036451533
100003054001260
100003058178238
100003058365371
100003060493583
100003064323030
100003081755390
100003089574994
100003094250451
100003097338153
100003106378518
100003110158516
100003125775987
100003133498073
100003140596712
100003153723688
100003163554069
100003175383673
100003177508293
100003184909230
100003188254581
100003196995349
100003200786526
100003216108615
100003228556482
100003233070482
100003233315169
100003234546696
100003239374782
100003271159489
100003280283521
100003286792985
100003293670098
100003306157198
100003315189764
100003331487306
100003332254115
100003352809757
100003360925334
100003370457148
100003371902577
100003378512170
100003382869547
100003391322966
100003393769523
100003405001934
100003476382944
100003476546449
100003480774804
100003486546023
100003498270574
100003530607146
100003534664468
100003536930279
100003542367421
100003546202274
100003547794029
100003549578646
100003562934074
100003586294635
100003600813954
100003601629737
100003628620836
100003631995242
100003654812714
100003669452535
100003681777321
100003687481781
100003694829127
100003699137410
100003700597658
100003706137666
100003706381001
100003725754197
100003730633572
100003746040094
100003759952659
100003777349073
100003785889753
100003790580532
100003794520669
100003814716696
100003820901757
100003828998100
100003863158858
100003867533322
100003874223004
100003877839996
100003891754202
100003903564971
100003906572514
100003927546887
100003941347965
100003943239589
100003946189941
100003955478989
100003956509403
100003960418397
100003973862433
100003973870042
100004017444640
100004023449128
100004037816990
100004061610525
100004064178052
100004071487299
100004084364265
100004091554816
100004091949347
100004097558801
100004098244523
100004098858661
100004101070249
100004109736332
100004116934034
100004125632826
100004140542305
100004141001570
100004148612819
100004166800463
100004170810834
100004179106644
100004207725783
100004225620699
100004238439553
100004252213163
100004258027592
100004308873412
100004311163205
100004349778580
100004356099581
100004364858645
100004372684628
100004388672456
100004400461207
100004409314507
100004415977746
100004422271574
100004460405582
100004469502443
100004533673036
100004583861135
100004597635746
100004602482203
100004607495976
100004620878633
100004620999888
100004625177268
100004626157069
100004643858654
100004652712237
100004655111721
100004689519532
100004705842210
100004713068834
100004723441944
100004725557142
100004744325564
100004753892454
100004757147902
100004769803119
100004790466990
100004800120085
100004803217490
100004814958208
100004823945023
100004837541837
100004849964825
100004850087937
100004877949260
100004896666948
100004914674211
100004947969428
100004974575143
100004975956336
100004980543629
100004980660996
100004982850392
100004989019416
100004995762194
100004998271739
100004999805045
100005007103389
100005007484016
100005040940906
100005091696414
100005092320919
100005104621775
100005138621106
100005138920556
100005189766061
100005227181462
100005241964157
100005245237239
100005258985749
100005267801402
100005291378032
100005299898216
100005301075305
100005305272141
100005322670020
100005336434987
100005347836373
100005356125144
100005419062962
100005422843144
100005440687646
100005446655223
100005454379432
100005462823015
100005479171238
100005558023440
100005560516050
100005569744716
100005637883873
100005671452020
100005691876257
100005697211334
100005818415397
100005822748605
100005841308320
100005847481768
100005908350689
100005924471601
100005975169457
100005980860635
100005981134748
100005987595979
100005997245584
100006014382430
100006029702727
100006035169359
100006040811302
100006128382089
100006165152374
100006194357393
100006226813280
100006242198930
100006243701478
100006270582890
100006311986405
100006330307541
100006335265999
100006354733568
100006355273677
100006357631495
100006360184597
100006367716652
100006390524331
100006401951024
100006434489068
100006441117176
100006453181549
100006466346475
100006469338139
100006476065169
100006482152584
100006484380073
100006487638490
100006512812240
100006545496627
100006557104824
100006579459818
100006586060003
100006588364810
100006593310316
100006656134785
100006693881058
100006743641330
100006747337210
100006754483459
100006755355330
100006764947570
100006815410538
100006823260404
100006824584189
100006893199143
100006904451630
100006968922094
100006972811716
100007002221178
100007026422685
100007063117604
100007074305151
100007075056796
100007112799760
100007115386013
100007117652991
100007119062869
100007124976503
100007125222571
100007129877160
100007135388612
100007142861921
100007156451088
100007159750623
100007198542093
100007226050490
100007246567427
100007302554645
100007350422732
100007354386451
100007381124042
100007413660769
100007431305707
100007449283229
100007449722285
100007451942724
100007463977450
100007470224191
100007490104654
100007497542223
100007505343998
100007510957317
100007554523487
100007575183199
100007614064077
100007616102255
100007644553325
100007694585836
100007718618510
100007784680928
100007794759229
100007818961510
100007867360362
100007883070342
100007910169420
100007913234557
100007921986805
100007937382306
100007939444796
100007961526994
100008049789177
100008065097166
100008079814657
100008098141445
100008139946701
100008202244609
100008213683734
100008237358057
100008240147532
100008243134626
100008270378825
100008278987899
100008287892575
100008289724568
100008292622132
100008298492587
100008317116873
100008318655650
100008321585404
100008338603252
100008360192037
100008388556057
100008389600205
100008391337861
1000475057
1003642354
1005555239
1008075577
1013292157
1013791660
1016694802
1020111848
1025762854
1030717675
1035621102
1038919440
1040122760
1040917942
1042307937
1044955404
1045944485
1046567546
1046581374
1049711796
1050525745
1051913400
1053680101
1056313985
1059902396
1060038895
1060817066
1067185186
1067659601
1068351177
1069511067
1073478975
1077946575
1078094040
1078433659
1078870640
1080068679
1081071926
1082094903
1082206349
1082781515
1084523638
1085364383
1085806812
1091381256
1094439041
1097450831
1097804821
1099130424
1099842320
1102990647
1106011629
1110496979
1111002301
1116945498
1122108612
1123301247
1126704797
1127651031
1129917634
1130240803
1131266141
1131706609
1134321719
1134532102
1138996414
1145313844
1147232876
1152552071
1152620006
1154694270
1154804177
1159987276
1164829015
1168632213
1169487088
1170533155
1172775955
1172835322
1175960422
1176027630
1176795438
1177312357
1177590300
1178327918
1179716695
1186496372
1188438734
1190530508
1191047546
1196202099
1196779526
1198064433
1198575446
1202632753
1203529296
1203970627
1205624680
120603756
1208722575
1209196270
1210104264
1214240505
1215666763
1216800878
1217465144
1217524047
1217754466
1218499678
1221532465
1222230839
1225198522
1226556650
1230744781
1231752134
1233818215
1234438144
1237145363
1242053984
1244187605
1248666994
1249122310
1250555212
1251240080
1251476709
1256483458
1257050591
1262796091
1268310538
1268858767
1272286190
1274871765
1274884212
1275129104
1277678212
1280306753
1280796744
1281676470
1284697642
1290288914
1293518435
1294963975
1297126212
1299595448
1302146018
1302367830
1304852936
1305445547
1309595074
1310911178
1312455913
1313263282
1313576068
1313888683
1320031675
1329245465
1334341953
133600818
1338802825
1340033478
1341408628
1342764013
1344138265
1345280495
1346322777
1348100993
1348420346
1348748075
1349624391
1350131520
1350241854
1352607928
1353130533
1355911191
1357463406
1357597611
1357977864
1359263049
1362002576
1365200266
1365376561
1365660283
1366556274
1368973324
1369824270
1369896905
1372141480
1378118138
1378613189
1380374690
1383932238
1385488447
1386288226
1386756570
1395546233
1395625211
1397670085
1399537847
1401310024
1402853122
1404475630
1409567457
1409693893
1411423188
1417459060
1418049260
1418850618
1419728608
1420833399
1421714719
14222852
1422537163
1423478785
1424162553
1424371317
1426059108
1434818005
1438063475
1438093881
1439092836
1439225525
1439334601
1441459564
1441872209
1448049073
1454678863
1456718458
1458310383
1458583827
1458744595
1460982745
1461725202
1461859775
1463063427
1463240300
1463653572
1464673332
1465752601
1466782223
1470693066
1475574354
1476318644
1477676649
1477888118
1493555140
1495256250
1496755790
1498304540
1498470468
1500287763
1504186636
1508358319
1509512589
1509933091
1513801942
1515988088
1517332992
1520666181
1524077283
1524773648
1526396569
1530346088
1530466150
1533321514
1534388823
1538057271
1539281709
1541634476
1542660585
1545407142
1546741023
1551737221
1555107678
1558262620
1559376038
1562367406
1563675225
1563685664
1564479560
1564650765
1570347424
1571526969
1575146819
1575612638
1578966281
1584305813
1586122680
1587362424
1590975805
1591435079
1591953243
1592616594
1594261003
1596454771
1596459667
1603128906
1610653430
1615875527
1615957653
1616734885
1622020117
1624625850
1624762788
1628212529
1628498038
1628738125
1629846903
1631103737
1633674666
1633700497
1634203843
1635276876
1637686504
1638227821
1643209499
1643233952
1644167432
1644327105
1650227476
1653545335
1655028016
1657363945
1660422785
1663313283
1664275488
1664794359
1665994991
1667354156
16714022
1671548515
1679988480
1681057676
1686293096
170500601
1705347599
1711831494
1725357302
1729571697
1735465613
1741846587
1744574322
1751546178
1764305541
1766064316
1769807900
1776992276
1777896985
1781410530
1783024059
1784105681
1785318664
1787508644
1790784566
1791611312
1792496239
1793283523
1799202344
1806778355
1809340155
1810536167
1815211307
1817782956
1820785477
1821246504
1823175243
1823525332
1834640682
1834920055
1839898386
1842985678
1843644323
1850757953
1851722951
19118091
19300186
27430323
29409421
500405137
501041808
502980567
504174480
504276749
506191705
506468787
509225614
510716940
511511634
514087202
515139564
515420173
516682878
517632658
519865942
521116238
521350234
522482160
523910275
524191536
528395707
528804714
530127618
530752293
530920902
531248635
535254957
536207456
537660049
538888385
539702135
543965064
544531989
544773423
550193716
550531941
560351745
560747465
560770119
561865891
561936237
562339025
563252517
563819530
563908830
564260696
566158815
566313773
567087396
567768427
570083196
570590073
571004615
573822155
573887974
574689616
576203646
576340238
587337260
588574526
590348394
592820114
596918370
598697794
600427985
600742404
603021820
604596462
610577703
611804808
612320142
615236571
617941752
618562953
623303133
624783808
628021074
630417846
634590214
635775853
636441233
636789409
637270572
639417633
640769614
641688444
642290209
642362515
644140122
645120056
646014820
647384373
648088271
649246070
652852744
656243936
661614511
664793150
665404606
666629213
668072591
668275090
671808989
672680775
672935600
674637202
675853529
678883268
681175026
682820964
684109035
690064939
692184307
692452622
692577396
695507664
696705476
697610241
698594069
701520652
701913550
702543959
704450349
704978123
706164608
707809095
708200403
708463117
708750477
709992707
710557474
710598355
714050129
715757718
717524416
718740758
719633823
720438561
720515942
721921918
724865152
726371822
726498265
726517431
731032809
731945262
732010449
735031164
737157928
737749620
740411017
741414291
741534532
742205901
743161199
743348533
743408433
745327247
747712603
749615249
750060147
755732149
756935462
756964501
757483559
773263134
773509025
774039418
774458620
775808781
778589027
788040444
796743669
800194195
811779726
813737695
829363793
832426767
836759161
841044062
858000485
899930057
903365292